Array of 100:
{30,46,49,3,82,33,17,45,23,71,11,54,2,31,3,92,53,84,22,60,98,28,45,26,76,76,35,42,4,1,67,98,57,55,81,64,99,86,8,30,60,43,88,68,76,76,5,90,22,26,51,24,32,50,91,14,32,38,38,15,91,65,1,100,63,85,85,84,87,44,95,19,41,45,55,12,79,56,60,47,42,81,99,14,33,69,21,90,45,70,10,58,16,84,28,12,87,75,31,7}

Array of 200:
{65,19,27,129,2,23,124,3,117,114,192,149,174,136,99,43,45,176,4,177,165,185,185,129,30,133,37,122,177,3,95,5,115,79,21,42,11,85,64,115,6,54,89,71,163,66,165,146,3,39,173,82,43,40,185,45,125,154,78,114,124,107,166,53,167,155,175,127,119,176,102,149,116,188,189,47,189,42,179,172,199,170,91,188,145,80,192,190,125,108,15,20,112,141,173,51,86,7,131,111,32,111,15,71,167,108,197,157,6,65,37,185,35,24,15,150,166,177,117,116,101,35,79,128,71,178,5,129,7,186,96,76,68,83,186,83,183,69,112,97,20,70,52,145,181,114,96,167,155,42,152,7,198,168,103,38,183,58,61,182,172,133,167,13,172,155,79,183,124,80,126,43,193,138,143,116,110,79,182,129,16,92,1,143,160,195,142,38,153,196,181,137,188,15,71,2,72,200,7,37}

Array of 300:
{90,56,242,32,209,210,126,273,36,197,33,175,43,271,96,103,8,291,154,160,121,291,33,123,73,83,268,273,142,21,101,238,9,127,171,77,114,170,212,249,197,48,181,166,230,33,189,165,197,293,18,67,165,205,81,109,285,210,105,252,15,34,211,115,233,274,276,221,250,260,246,299,134,82,44,219,240,26,216,146,267,231,14,104,106,212,199,33,25,288,131,289,37,33,127,219,231,209,177,7,260,138,141,150,59,177,168,203,59,254,219,47,270,13,154,228,227,288,17,134,40,167,175,26,179,128,162,211,38,228,142,113,200,98,177,119,82,295,194,62,14,125,140,264,255,91,170,138,221,141,69,40,135,121,17,172,293,185,191,282,111,176,131,124,103,298,238,278,109,282,14,279,14,7,128,144,225,234,277,108,62,247,121,269,12,200,261,18,276,78,200,109,40,179,219,67,248,196,43,290,272,164,71,78,241,136,31,263,85,260,249,218,201,78,146,231,69,6,126,289,135,174,239,296,207,146,271,75,223,15,117,12,165,83,299,192,229,16,37,219,197,71,272,121,98,106,19,226,97,90,54,224,222,273,129,70,224,38,103,191,96,174,153,187,10,265,212,93,18,180,170,234,255,13,91,281,62,72,218,243,117,115,39,129,102,110,262,147,229,193,219,264,48,63,112,19,226,17,83,92}

Array of 400:
{188,28,279,36,134,308,396,159,163,63,95,197,50,341,333,257,316,292,7,172,206,167,93,153,378,266,333,223,219,381,326,380,56,136,385,312,251,222,210,248,385,309,140,324,4,149,339,59,136,366,310,6,340,95,124,42,130,244,77,17,360,176,341,107,7,75,325,161,19,174,395,235,196,365,355,258,365,323,253,152,44,21,17,167,241,367,337,184,242,52,350,85,286,261,45,353,209,399,138,230,359,281,238,382,20,318,110,262,4,73,356,400,110,334,146,393,158,97,260,331,387,289,245,163,246,244,69,245,301,281,89,78,15,314,67,91,185,145,228,312,48,172,399,332,7,244,176,35,195,202,93,363,45,275,220,3,313,310,325,49,325,387,105,115,115,375,195,361,218,13,334,337,10,279,183,274,47,13,52,93,40,341,53,128,232,291,362,205,172,115,134,188,159,341,274,268,75,344,5,319,288,315,242,7,90,384,51,251,174,225,5,319,100,247,67,275,364,9,151,186,170,322,127,221,52,390,381,177,62,374,65,199,99,98,266,83,39,255,27,191,139,90,203,177,305,395,303,346,64,188,396,144,266,204,152,174,188,239,336,266,165,361,384,360,155,171,110,237,363,301,375,183,95,205,302,283,69,231,178,222,189,181,400,328,211,104,329,70,223,248,214,240,393,136,216,330,368,30,276,126,188,338,208,249,98,164,359,133,393,275,19,312,267,395,396,267,238,143,27,365,244,72,180,121,303,44,196,69,313,194,326,220,259,21,285,47,140,247,221,71,165,392,266,158,130,231,342,239,371,313,325,347,148,183,100,78,114,332,265,369,144,176,284,305,8,47,70,96,117,126,233,330,224,318,400,170,10,145,360,206,250,381,80,136,199,287,397,231,25,225,49,54,43,111,268,51,19,119,212,115}

Array of 500:
{89,249,112,202,206,164,478,349,203,181,410,62,27,257,462,350,206,417,224,73,439,424,201,429,219,140,38,449,389,426,151,260,134,328,162,423,343,256,320,242,444,434,30,362,56,245,51,454,182,210,219,116,362,401,315,185,137,376,248,64,173,316,334,271,484,479,446,154,386,464,93,94,233,41,245,174,381,115,481,71,245,213,17,213,424,278,337,343,331,188,247,327,442,469,117,495,380,173,59,263,424,304,225,168,434,30,361,473,267,35,404,168,341,168,321,139,184,227,297,304,96,186,97,273,279,55,69,188,282,151,351,434,257,212,48,2,202,391,201,356,82,254,304,255,246,10,51,292,343,305,293,204,181,442,44,291,409,364,91,306,477,276,81,42,56,329,458,330,218,242,465,307,137,295,265,38,261,336,111,222,277,111,252,146,198,454,315,425,463,192,182,308,10,376,262,13,366,142,183,393,454,430,372,126,152,31,435,462,406,169,85,298,37,485,469,44,478,116,354,303,214,181,137,160,181,439,84,193,406,220,51,435,369,232,92,269,453,72,330,243,28,461,310,276,244,420,38,204,110,283,53,441,342,217,426,328,80,150,456,282,305,137,186,204,215,47,240,44,38,380,494,100,195,128,264,300,461,378,150,243,241,472,252,438,130,67,240,481,94,352,270,66,63,51,349,147,1,7,416,146,47,227,376,419,73,443,216,330,197,174,329,13,44,430,275,52,74,8,443,59,325,317,99,216,355,394,362,217,63,172,133,124,297,160,218,426,44,445,78,17,259,161,235,102,447,493,162,389,44,359,463,237,438,282,497,59,229,213,151,406,188,263,189,146,439,307,366,282,16,298,283,62,436,9,20,65,133,265,133,410,45,288,24,429,388,374,237,472,143,28,434,138,225,427,261,464,338,340,458,151,422,363,441,53,387,161,8,499,114,243,393,230,228,239,254,317,351,417,272,487,458,243,301,341,46,9,313,22,230,207,308,164,21,159,114,198,145,178,319,200,392,82,92,283,415,201,309,286,333,432,37,256,413,270,170,483,277,11,222,311,490,473,219,263,258,438,77,361,186,358,405,200,488,134,367,155,338,241,213,492,56,330,183,282,186,334,295,463,109,135,78,212,403,210,398,318,173,309,125,453}

Array of 600:
{403,127,466,150,168,528,410,599,584,106,534,504,255,254,24,291,31,540,363,536,566,501,32,164,135,482,473,74,194,508,180,150,200,461,123,405,258,446,313,408,586,155,151,419,148,396,81,353,190,429,266,354,550,145,503,200,523,338,338,502,590,588,142,194,410,19,347,596,282,457,482,383,362,21,443,521,466,241,228,334,534,122,510,225,336,270,387,397,450,480,386,416,87,271,110,345,226,417,187,372,257,306,275,244,451,289,88,321,431,245,91,498,103,259,533,148,549,172,523,115,485,333,7,1,363,214,173,229,566,119,211,221,542,503,253,231,250,288,392,172,77,200,589,62,497,129,232,132,452,11,361,379,523,599,114,512,76,271,91,355,248,301,107,38,409,490,280,311,153,528,73,201,51,258,185,506,13,434,286,560,390,443,179,333,388,32,139,445,394,196,592,366,416,228,115,560,443,10,356,140,247,307,339,409,242,507,576,93,242,527,497,121,586,28,298,144,433,502,434,106,195,44,507,556,573,74,194,130,3,502,152,399,548,199,88,436,552,467,594,184,536,345,151,47,40,222,574,405,105,459,335,405,137,598,373,77,151,600,393,564,497,72,173,528,400,398,566,297,495,522,79,490,176,502,289,241,264,113,31,468,76,270,1,326,524,44,263,306,446,15,112,456,310,127,131,486,44,111,575,481,431,25,534,220,169,32,471,15,115,158,596,572,387,519,9,198,434,565,15,179,515,341,503,68,569,35,106,562,480,330,201,51,558,22,137,301,19,117,209,586,128,107,135,181,364,301,423,453,261,545,341,119,541,220,542,408,250,300,178,363,234,191,317,344,494,162,334,422,591,87,71,218,583,249,382,152,138,266,59,98,140,296,523,375,268,171,84,557,337,258,3,58,300,286,218,303,199,30,174,327,44,589,576,6,305,401,74,197,458,309,356,413,456,66,111,554,104,233,179,299,495,109,68,238,125,183,586,449,207,401,177,47,434,318,261,495,261,177,386,451,478,542,36,288,463,135,227,417,386,392,257,297,131,453,398,584,326,402,483,438,336,322,30,78,242,452,422,397,235,99,328,43,205,325,209,552,172,447,93,187,42,151,71,119,334,122,89,504,341,479,398,205,146,539,159,333,179,350,235,503,84,310,146,556,312,203,4,440,260,146,269,241,462,294,292,175,598,148,541,157,141,30,171,486,507,259,426,588,149,556,300,5,511,426,458,167,197,198,205,198,225,577,21,315,336,253,114,47,69,259,153,168,123,223,194,267,469,193,96,539,488,358,200,544,300,326,350,340,158,319,580,274,138,210,412,200,407,412,247,391,267,120,599,344,345,506,579,65,295,215,137,72,589,132,209,496,475,156,110,98}

Array of 700:
{444,256,493,297,43,437,373,98,487,584,574,298,455,650,14,133,257,293,148,189,112,221,310,12,371,157,236,333,308,29,149,326,510,670,252,423,451,414,303,255,193,96,171,379,556,458,379,359,653,101,187,581,296,161,519,663,66,490,4,421,321,253,381,134,564,203,646,31,404,227,25,70,143,210,391,463,419,304,690,221,171,96,618,403,208,529,568,308,58,483,309,336,216,163,376,576,321,635,328,501,188,599,620,163,675,145,564,75,432,216,259,347,128,362,585,614,127,580,159,208,32,573,468,298,656,399,450,97,293,49,333,403,77,548,276,163,689,20,650,262,531,573,103,506,405,483,123,502,583,451,429,630,70,168,80,692,587,248,390,659,560,534,94,575,22,668,152,13,183,196,498,309,504,577,181,81,277,283,556,616,119,102,197,322,90,11,74,493,205,487,593,165,335,614,330,312,91,548,485,198,258,269,412,587,651,346,495,132,423,617,34,134,195,413,549,277,539,216,301,242,348,581,227,31,192,281,554,39,204,391,150,684,578,471,623,232,556,353,514,464,221,351,130,595,287,648,249,98,297,433,502,602,177,343,70,418,276,599,166,211,225,623,296,14,71,402,683,208,355,457,320,60,146,647,475,632,119,158,598,101,611,515,344,37,500,512,641,665,695,467,593,272,438,90,446,673,470,601,206,508,261,172,337,148,506,373,623,539,99,48,44,178,159,118,348,635,406,75,262,257,690,122,484,266,675,622,33,263,365,541,657,19,204,60,156,700,173,435,586,507,447,679,534,102,420,101,130,581,101,339,534,352,467,437,646,98,580,237,193,27,454,502,331,421,233,511,150,169,255,8,133,21,535,356,161,620,302,694,593,454,306,469,428,460,332,553,244,231,217,239,41,85,259,396,642,627,209,427,427,214,688,699,56,391,419,450,292,697,381,263,298,694,458,113,92,365,287,517,33,462,598,186,225,174,274,375,530,372,542,333,170,12,144,25,374,295,232,540,500,536,497,441,664,638,108,103,548,429,38,44,658,141,184,156,511,568,121,658,528,256,362,140,571,414,59,34,691,633,260,465,265,353,59,604,200,181,191,130,622,26,520,185,155,54,349,411,528,594,658,3,356,608,8,682,328,448,301,82,277,235,604,114,374,112,537,24,141,215,625,200,582,243,533,529,119,13,619,69,387,549,472,336,625,83,240,473,314,158,3,556,518,27,213,467,387,54,436,312,476,661,609,7,473,477,676,468,198,520,368,399,101,483,651,286,40,697,97,86,7,261,399,118,458,397,118,16,78,562,61,217,421,465,423,300,511,3,551,162,538,581,318,524,429,151,15,120,692,563,269,9,363,124,154,162,338,323,66,181,484,500,378,523,479,538,198,342,251,341,421,142,32,288,76,622,65,22,148,440,534,319,595,422,674,355,433,489,681,483,623,329,628,277,525,286,515,549,448,359,293,355,250,310,175,331,593,387,413,443,234,552,338,204,27,20,443,175,131,267,277,316,64,617,227,444,300,162,148,164,400,54,143,190,534,236,376,696,443,436,119,506,425,665,103,443,37,520,310,215,643,435,163,87,452,153,352,297,37,43,287,478}

Array of 800:
{612,297,93,106,341,495,199,61,750,46,68,723,520,243,130,785,479,307,657,187,94,641,741,546,221,516,764,542,552,232,33,445,450,83,368,379,554,507,58,114,445,503,331,19,572,115,363,278,431,552,354,591,361,459,352,706,558,101,604,23,51,3,186,369,773,494,594,156,781,189,239,485,114,426,309,399,416,739,359,259,680,482,40,583,135,31,512,594,43,132,33,255,211,353,299,320,22,1,684,725,455,540,364,62,312,687,681,77,157,361,638,31,146,424,585,172,319,739,461,348,58,521,373,29,654,394,26,595,764,724,103,15,447,129,26,228,84,238,78,245,441,527,87,50,181,322,750,5,761,1,110,296,582,796,702,538,623,38,624,50,63,430,169,626,414,786,385,287,336,15,589,272,31,348,668,102,762,567,447,539,286,96,141,254,84,165,581,285,795,797,53,260,712,505,122,133,650,408,9,472,307,602,718,262,564,632,371,224,392,273,708,502,565,40,368,164,398,588,562,783,636,312,208,529,93,348,420,721,302,27,730,503,357,632,793,798,290,490,165,715,40,727,548,765,678,576,544,293,187,505,44,280,281,125,459,514,425,575,109,446,687,4,187,387,783,719,725,33,336,796,250,461,1,337,776,536,153,786,261,263,739,373,253,703,282,277,140,735,113,618,318,339,439,601,21,197,568,296,748,694,743,757,698,142,763,360,216,337,663,613,710,787,271,230,395,716,168,9,124,495,31,390,767,504,269,580,144,356,329,76,644,454,462,445,748,759,478,66,444,589,455,33,621,304,198,566,767,393,778,223,387,795,442,153,792,22,665,395,436,713,8,385,454,121,653,764,378,240,627,40,92,695,658,654,192,6,624,747,449,379,264,161,41,554,106,684,753,277,228,344,681,444,543,305,570,310,492,154,170,800,481,354,544,725,543,52,392,383,54,463,409,365,587,22,533,453,312,680,657,796,468,145,566,644,502,226,168,581,596,416,5,16,112,793,335,559,662,700,461,673,383,744,271,740,90,677,785,628,43,147,770,180,276,224,581,170,243,126,279,399,396,84,370,583,649,723,626,654,543,236,439,212,403,512,106,779,125,760,483,670,11,278,42,36,617,204,252,565,256,396,688,604,701,159,91,558,51,794,657,538,227,397,237,257,667,62,243,520,188,438,84,299,321,314,241,149,541,669,708,366,260,308,699,339,461,42,358,620,470,436,692,378,265,456,505,656,190,778,562,547,256,743,652,357,372,678,193,238,503,539,484,732,232,285,704,93,742,795,636,74,155,299,514,119,153,579,225,680,580,556,431,454,48,307,50,273,396,673,705,568,672,302,582,648,211,401,679,226,688,219,389,112,617,710,293,408,700,104,686,625,309,108,369,534,629,226,112,506,82,789,408,443,95,606,272,89,333,375,151,40,17,243,521,453,424,716,483,6,25,61,711,213,442,498,418,61,342,764,108,101,13,329,783,606,764,435,300,152,94,375,442,378,563,362,336,305,545,711,229,8,24,652,662,185,474,134,136,515,443,681,79,797,5,677,334,10,415,405,576,493,719,90,118,254,670,103,577,701,571,606,659,455,674,508,1,776,158,176,236,80,428,337,769,552,67,401,381,614,497,364,180,127,327,550,468,93,24,660,422,465,126,57,53,427,30,724,529,712,45,568,150,618,178,29,457,654,397,117,67,251,601,225,434,55,399,772,604,158,459,792,485,277,626,608,114,507,20,734,782,641,47,198,366,764,180,243,593,345,430,25,586,592,799,666,256,572,109,124,53,554,254,123,550,207,384,379,531,191,557,129,32,604,236,643,155,524,634,540,63,558}

Array of 900:
{107,789,566,514,751,766,356,474,866,160,278,100,787,466,111,802,137,850,780,374,64,836,887,462,323,240,720,317,336,575,624,687,134,873,720,439,835,846,778,554,394,831,490,231,70,684,184,337,164,424,896,221,753,598,545,628,108,801,347,207,194,246,555,753,711,262,640,509,184,128,39,561,338,483,578,130,882,79,474,321,700,100,878,429,721,900,387,438,552,291,541,473,253,364,94,377,305,41,386,637,221,741,303,271,357,25,78,585,418,201,765,102,194,496,526,587,192,263,772,702,744,762,396,863,93,315,107,289,209,28,766,455,136,131,126,428,603,892,174,303,643,77,301,731,614,628,756,739,229,454,660,501,467,335,651,844,133,734,57,226,39,566,473,51,697,585,837,451,821,16,98,782,432,675,363,98,123,571,1,280,37,149,475,455,490,152,298,873,734,794,136,196,434,563,377,460,281,439,522,893,675,421,730,700,730,280,461,125,38,193,507,292,27,740,673,884,109,87,510,758,763,385,608,806,522,888,135,843,436,870,575,575,156,96,302,94,661,751,673,473,735,94,771,877,20,528,678,211,175,8,505,559,829,106,297,770,128,400,520,613,685,1,414,590,813,256,658,316,720,160,573,542,13,667,406,224,675,856,478,365,232,678,456,424,415,2,63,870,428,491,882,699,657,268,597,101,349,478,95,309,607,892,671,864,828,867,506,741,425,17,625,643,481,321,15,221,10,828,430,691,389,14,791,488,123,484,74,707,561,864,887,499,535,806,74,442,329,342,381,55,546,778,639,78,346,21,851,601,245,452,154,89,208,148,766,351,228,704,367,475,301,84,495,700,288,110,253,517,820,373,658,548,617,687,440,273,274,695,878,341,57,318,560,788,165,801,806,11,91,100,491,610,180,566,196,245,858,789,382,65,596,394,176,554,363,500,145,603,838,882,766,65,326,251,98,283,335,78,761,345,737,684,598,788,730,28,376,354,639,137,564,134,778,576,161,94,879,622,268,675,401,386,661,321,235,418,525,640,182,374,162,353,634,149,136,385,113,892,45,535,710,829,567,572,73,712,784,176,502,532,826,738,316,440,561,108,545,267,726,225,195,317,557,883,889,131,753,684,374,502,390,711,245,150,763,599,218,760,101,792,43,258,600,372,95,635,513,480,155,287,351,175,454,127,274,7,15,112,897,503,88,164,482,363,568,398,616,770,168,671,148,221,787,337,568,697,437,559,576,775,74,817,518,833,794,553,25,712,267,86,112,892,116,448,307,492,573,448,562,810,640,26,313,433,726,216,844,569,203,860,332,218,349,701,777,241,644,538,738,511,610,388,878,312,549,649,268,548,193,585,865,183,674,364,896,46,491,423,671,179,872,219,272,289,437,68,142,145,619,823,489,32,111,470,471,155,861,60,249,235,206,575,389,385,497,521,81,265,491,31,60,688,121,340,204,20,266,453,28,399,764,138,270,891,315,825,167,285,856,832,882,615,428,860,199,319,298,229,769,49,173,787,285,664,413,753,520,862,71,504,779,185,675,814,22,824,5,692,211,633,260,81,151,830,615,628,489,391,20,813,142,780,889,855,357,871,1,824,560,552,233,481,643,227,111,304,799,354,442,556,305,136,554,647,20,113,298,677,589,539,632,892,429,488,5,871,180,217,164,240,780,350,867,457,28,419,716,562,110,55,822,875,227,702,280,703,869,648,749,353,389,76,525,882,679,159,387,424,794,174,671,853,584,500,598,315,478,24,864,99,508,257,852,859,479,871,270,380,595,739,113,244,19,182,384,460,686,863,179,305,571,153,350,544,493,66,893,448,337,705,112,287,463,73,713,59,167,191,744,338,540,578,278,380,701,141,649,197,628,160,698,791,247,535,116,52,709,532,93,363,109,799,151,899,793,706,892,704,594,242,81,866,833,772,167,811,93,40,615,825,199,528,704,865,426,336,110,114,17,33,241,608,370,878,786,762,401,710,182,333,27,175,17,611,551,423,117,457,586,36,438,373,541,397,124,591,109,276,431,724,118,762,662,847,92,149,520,868,2,359}

Array of 1000:
{585,106,222,310,157,203,319,155,328,679,197,257,32,662,835,800,809,3,581,611,892,731,695,72,147,407,405,617,491,496,43,781,499,740,158,721,404,915,202,595,458,32,182,744,83,716,589,92,461,717,550,18,932,783,326,501,684,409,972,687,796,860,45,407,196,623,866,328,992,518,999,615,262,276,61,989,988,591,210,727,309,531,527,626,862,98,850,979,891,722,429,630,400,31,815,316,221,459,122,995,753,83,453,569,946,444,626,272,28,550,474,265,953,767,512,626,63,251,731,305,256,379,712,206,214,395,160,276,533,416,150,241,854,690,979,7,745,31,349,65,50,329,222,73,784,904,489,329,794,362,266,553,522,570,134,529,95,879,256,719,957,823,158,403,408,500,755,985,449,693,455,887,616,280,660,488,754,887,586,168,485,632,581,529,458,185,293,597,538,724,575,885,269,167,34,241,630,984,92,297,803,15,614,916,155,764,597,582,769,818,219,159,440,804,870,778,391,736,470,995,144,945,725,445,340,169,650,99,449,158,366,5,878,508,483,446,741,756,370,931,594,196,716,742,372,398,691,348,834,733,626,195,224,638,74,113,226,708,558,673,360,118,553,143,2,380,631,126,622,472,218,847,184,514,390,173,401,551,438,255,931,850,472,557,195,443,430,335,848,56,63,315,572,201,694,477,529,768,377,955,149,209,908,913,817,894,231,595,518,638,334,786,9,151,935,489,881,81,825,760,846,949,915,728,164,358,427,280,601,199,720,591,387,573,578,147,797,919,752,505,660,883,434,198,725,162,625,590,281,815,963,76,883,52,548,201,625,86,993,327,82,433,414,40,736,487,195,603,149,101,378,56,866,55,628,19,758,109,133,814,500,917,845,938,416,724,144,214,83,423,696,596,933,623,890,663,771,644,559,306,993,577,747,981,353,232,635,209,741,839,498,159,817,276,69,507,925,949,337,295,73,723,673,869,601,616,28,708,244,822,69,552,936,250,485,139,208,505,775,304,937,433,978,354,153,555,301,448,144,944,205,859,772,114,658,363,24,956,459,7,244,572,191,836,843,880,895,273,464,575,968,272,795,130,276,406,835,962,571,623,604,852,46,444,995,570,989,566,463,579,265,48,803,63,220,696,137,459,496,942,489,924,662,584,90,98,80,981,832,322,977,168,855,977,371,472,735,845,296,934,440,118,205,670,592,934,821,98,731,372,562,899,362,343,977,217,855,201,294,861,520,162,213,957,938,783,676,184,855,3,581,963,499,900,24,835,692,441,952,819,328,699,276,944,500,169,25,883,610,928,734,415,146,162,41,364,452,199,368,244,628,418,675,580,440,414,448,621,286,616,710,835,425,214,806,533,30,816,590,798,970,534,737,899,134,243,588,735,22,848,841,668,966,780,241,522,622,843,118,692,503,804,719,625,6,319,536,241,417,710,985,378,504,132,317,225,550,172,278,452,759,979,470,287,724,784,777,189,125,531,658,138,879,660,740,407,614,413,530,998,836,123,120,78,107,296,707,353,863,725,902,564,104,303,311,126,327,511,610,789,126,750,445,862,53,384,827,899,514,521,604,82,568,101,508,323,164,532,587,130,420,759,86,926,984,460,869,25,678,744,900,498,985,237,229,423,73,257,405,558,297,897,486,430,533,542,494,41,850,504,622,829,971,208,517,364,584,786,166,712,250,419,175,227,925,119,51,966,165,798,731,808,44,423,192,562,594,582,485,664,598,339,922,2,212,787,251,204,416,242,139,35,994,480,27,393,123,220,632,523,190,911,356,881,394,443,115,885,487,971,488,56,631,788,817,625,408,749,641,511,943,787,940,194,199,416,112,148,82,61,371,246,887,509,967,440,476,228,397,161,590,239,113,656,199,374,850,26,535,664,173,317,494,5,938,276,96,794,223,380,27,785,187,638,165,815,86,655,442,210,399,36,684,458,799,338,803,934,244,884,440,947,400,926,580,177,483,954,22,727,678,249,509,536,682,325,579,365,760,428,235,285,930,511,196,778,49,476,741,78,977,536,612,254,170,377,42,46,841,556,489,869,702,114,801,851,671,817,319,240,709,704,823,742,12,938,724,129,969,719,565,574,472,903,714,322,236,448,207,980,26,762,648,190,280,841,503,192,649,211,753,598,412,859,199,564,887,557,508,518,262,682,850,812,601,790,51,966,876,185,732,812,272,603,60,506,530,796,934,722,402,491,122,378,487,540,611,431,242,727,893,266,928,951,733,954,220,824,798,10,508,69,225,301,490,1,692,103,174,852}